X = [1,2;3,4;5,7]
Y = [-1; 1; -1]
